"JOUR","O3obs","MOCAGE","TEMPE","RMH2O","NO2","NO","STATION","VentMOD","VentANG"
1,91,93.2,21.5,0.00847,1.602,0.424,Aix,9.5,-0.6435
1,100,104.6,20.2,0.00881,2.121,0.531,Aix,8.01,-0.04996
0,82,103.6,17.4,0.00951,1.657,0.467,Aix,9.3771,-0.12832
0,94,94.8,18.8,0.00855,2.35,0.701,Aix,9.4578,-0.34516
0,107,99,23.7,0.00731,1.653,0.452,Aix,7.8791,-0.41822
0,150,114.3,23.6,0.01182,5.316,1.343,Aix,6.3127,0.06341
0,164,127.7,26.6,0.00937,2.841,0.55,Aix,4.8042,0.04164
1,135,164.3,23.5,0.01087,15.733,2.911,Aix,4.8795,0.79989
1,121,144.1,23.3,0.01168,8.807,1.867,Aix,5.1088,0.70226
0,129,112.8,23.7,0.01091,18.911,4.7,Aix,5.4406,0.942
0,118,72.6,22.2,0.01626,4.258,1.304,Aix,5.9641,-0.60661
0,48,146,14.3,0.01453,13.664,2.976,Aix,5.8034,-0.03447
0,97,87.5,18.5,0.00959,4.126,1.271,Aix,7.5273,0.33856
1,83,158.9,15.4,0.01456,10.254,1.839,Aix,2.5942,0.48089
1,73,112.6,19.6,0.0122,1.955,0.445,Aix,8.8752,-0.58488
0,91,76.9,21.7,0.00685,1.382,0.429,Aix,12.3004,-0.63537
0,70,81.8,24.4,0.0089,1.567,0.443,Aix,9.5,-0.6435
0,125,178.6,24.8,0.01206,8.216,1.139,Aix,6.5192,0.72027
0,168,127.9,28.2,0.01387,4.632,0.861,Aix,7.1309,0.38832
0,113,109.3,26,0.0122,12.29,2.958,Aix,5.9816,0.66691
1,118,113,26.2,0.01064,4.615,0.995,Aix,6.2769,0.53496
1,130,136.3,27.2,0.00912,4.276,0.827,Aix,6.0033,0.52328
0,179,141.1,27.8,0.0101,7.656,1.75,Aix,5.1313,0.57719
0,196,131.4,29.1,0.00919,5.208,1.016,Aix,6.0902,0.51507
0,160,141.1,29.5,0.01033,5.043,0.9,Aix,6.1221,0.66964
0,180,163.6,29.5,0.00789,8.52,1.385,Aix,5.5227,0.55284
0,103,141.6,29.1,0.00663,6.654,1.341,Aix,5.2839,0.51445
1,214,159.9,33.2,0.01431,4.122,0.563,Aix,7.2615,0.39585
1,178,138.1,30.5,0.01509,6.835,1.174,Aix,6.0877,0.73892
0,160,155.1,30.9,0.01526,2.489,0.349,Aix,7.2422,-0.61864
0,131,140.5,30.2,0.00877,3.026,0.481,Aix,9,-0.6435
0,169,149.9,30.2,0.01134,2.198,0.314,Aix,5.7801,-0.52558
0,139,92.5,26,0.01426,23.822,7.51,Aix,5.36,0.93103
0,104,97.9,25.4,0.00884,1.816,0.414,Aix,12.3907,-0.83678
1,127,96.1,26.2,0.00712,1.78,0.429,Aix,6.2266,-0.52114
1,163,123.7,25.4,0.01058,2.701,0.596,Aix,6.3008,0.01587
0,121,146.2,23.3,0.01343,18.234,3.773,Aix,4.7854,1.11649
0,93,126.1,26.6,0.01217,3.187,0.669,Aix,6.0133,-0.06657
0,108,122.4,22.1,0.01872,8.698,2.038,Aix,6.4444,0.73051
0,91,99.7,24.7,0.00754,2.109,0.502,Aix,11.2058,-0.57563
0,129,122.4,24.5,0.00921,5.359,1.146,Aix,6.9354,0.7446
1,89,146.5,24.9,0.01134,2.336,0.362,Aix,6.5765,-0.49085
1,145,145.2,28.1,0.01342,4.691,0.808,Aix,7.4653,0.68102
0,124,127.3,28,0.01123,6.486,1.292,Aix,7.1344,1.02557
0,132,125.9,26.9,0.01173,9.414,2.22,Aix,6.2936,0.77416
0,96,183.4,26.3,0.01483,4.334,0.58,Aix,5.4452,-0.12891
0,116,117,28.9,0.01007,2.743,0.541,Aix,6.36,-0.28694
0,132,128.4,30,0.01023,2.81,0.508,Aix,6.562,-0.13759
1,93,74.1,24.9,0.00984,1.045,0.337,Aix,9.426,-0.71783
0,117,159.1,20.1,0.01962,3.127,0.432,Aix,5.4626,-0.41451
0,96,143.3,23.7,0.01534,2.125,0.362,Aix,12.1017,-0.74449
0,111,119.9,28.4,0.01138,1.823,0.334,Aix,10.6042,-0.6718
0,184,168.5,29,0.009,3.827,0.612,Aix,6.7119,-0.05963
1,170,133.4,28.3,0.01188,4.647,0.807,Aix,6.7231,0.53022
1,148,125.6,28.5,0.01537,11.48,2.414,Aix,4.6615,0.61776
0,109,154.3,31.1,0.00833,3.415,0.472,Aix,5.8669,-0.51703
0,222,133.9,29.5,0.01456,3.339,0.572,Aix,5.7079,-0.05258
0,80,72.6,27.6,0.01205,1.051,0.29,Aix,12.4483,-0.80812
0,108,105.7,25.8,0.01035,1.704,0.358,Aix,12.5607,-0.70085
0,156,137.1,28.6,0.01256,2.686,0.452,Aix,5.5731,0.1622
1,126,136.8,27.1,0.0138,7.755,1.464,Aix,6.2968,0.81909
1,130,150.6,26.6,0.01577,4.65,0.768,Aix,5.6851,0.68573
0,182,229.2,22.1,0.02486,18.303,2.153,Aix,5.0931,0.81317
0,107,147.6,24.7,0.01716,6.163,1.073,Aix,5.4818,0.25825
0,148,155.2,30,0.01172,5.587,0.847,Aix,6.044,0.67991
1,171,163.9,30.3,0.01441,7.945,1.181,Aix,6.162,0.72799
0,157,148.5,32.2,0.01424,4.842,0.741,Aix,6.5947,0.71027
0,181,146.6,32.7,0.01151,5.193,0.809,Aix,7.0831,0.53316
0,155,157.5,32.2,0.0179,5.705,0.984,Aix,5.7689,0.588
0,191,149.6,31.8,0.0152,7.863,1.276,Aix,6.3702,0.82981
1,202,143.2,32.5,0.01549,4.628,0.79,Aix,7.161,0.62674
1,176,128.5,31.6,0.01332,4.274,0.768,Aix,7.1028,0.61534
0,183,184,32.8,0.01814,4.56,0.544,Aix,7.4404,0.63275
0,255,191.2,34.1,0.01693,10.559,1.254,Aix,7.0725,0.8054
0,185,176.9,32.6,0.02004,10.608,1.396,Aix,7.2863,0.75628
0,193,207.7,32.5,0.01941,8.263,0.981,Aix,6.7417,0.56332
1,197,205.9,32.1,0.01722,7.736,0.856,Aix,6.5307,0.4431
0,136,126.1,32.5,0.01247,1.968,0.319,Aix,7.9076,-0.16515
1,141,91.8,23.3,0.00714,13.654,4.015,Aix,6.0803,0.93716
0,103,130,25.1,0.00431,6.631,1.206,Aix,6.1033,-1.53802
0,90,95.8,21.1,0.00442,2.756,0.745,Aix,8.6833,-0.50486
1,91,121.5,18,0.00558,3.785,0.855,Aix,12.5495,-0.71208
0,93,110.1,19.8,0.00373,4.416,1.101,Aix,7.3055,-0.33474
0,93,163.1,19,0.0069,30.934,5.006,Aix,3.9319,0.12751
0,119,119.4,20.9,0.00414,4.848,1.069,Aix,4.3463,-0.40187
0,124,129.6,22,0.00569,2.584,0.483,Aix,7.518,-0.49935
1,87,102.5,18.9,0.00956,4.836,1.289,Aix,5.3535,-0.57246
1,107,116.9,20,0.00637,6.632,1.635,Aix,6.3789,0.23737
0,106,81.4,14.5,0.00969,22.496,8.513,Aix,0.9434,-0.5586
0,77,122,16,0.01097,4.776,0.94,Aix,3.9205,-0.65881
0,82,101,15.6,0.00599,3.834,1.098,Aix,11.9808,-0.65519
0,93,131.5,22.9,0.00404,5.167,1.057,Aix,5.9464,-0.34302
0,117,118.1,21.6,0.0065,19.528,4.996,Aix,6.4382,0.75244
1,115,93.4,22,0.00555,12.768,4.025,Aix,6.1294,1.07796
1,117,134.9,23.2,0.0054,2.606,0.498,Aix,4.826,-0.97705
0,87,102,20.5,0.00635,2.886,0.758,Aix,11.6825,-0.66405
0,111,117.9,24,0.00669,4.662,1.072,Aix,6.0166,-0.26917
0,116,169.5,24.8,0.0119,11.374,1.846,Aix,4.7011,0.51123
0,144,190.1,24.5,0.01167,7.578,1.031,Aix,5.0567,0.42826
0,155,150.8,25.3,0.01021,9.947,1.778,Aix,5.5866,0.77274
1,183,155.1,25.1,0.01015,5.715,0.965,Aix,5.7585,0.35471
1,134,158,25.5,0.01045,6.063,1.08,Aix,5.0606,0.5167
0,82,115.9,27.3,0.01517,2.534,0.477,Aix,9.6177,-0.77069
0,90,106.7,24.3,0.01129,5.547,1.45,Aix,5.0912,-0.7854
0,151,148.9,25,0.0095,4.297,0.722,Aix,5.101,0.01961
0,188,167.8,24,0.01242,3.99,0.597,Aix,2.8071,0.07131
0,142,170,24.9,0.01156,3.398,0.458,Aix,4.4598,0.34302
1,85,127.8,26.3,0.00439,2.868,0.592,Aix,7.4404,-0.63275
1,90,94.9,25.5,0.00407,3.212,0.907,Aix,10.3856,-0.67624
0,68,101.6,25.4,0.00597,3.125,0.795,Aix,11.7456,-0.74927
0,98,123.6,19.5,0.00778,6.765,1.659,Aix,7.0292,0.87606
0,111,106.3,21.9,0.00495,3.546,0.922,Aix,5.8189,-0.33262
0,131,145,20.2,0.00686,5.6,1.143,Aix,6.6129,0.35523
1,102,132.8,20,0.00772,10.051,2.395,Aix,6.0877,0.83188
1,112,122.4,21.8,0.00688,6.876,1.574,Aix,6.2097,1.31019
0,104,137.2,25,0.00809,4.961,0.924,Aix,6.691,-1.40565
0,109,156.4,25.7,0.00717,4.264,0.692,Aix,6.0415,-0.50067
0,117,124.2,28.5,0.00827,2.455,0.482,Aix,6.7417,-0.36398
0,139,178.4,29.3,0.00922,3.877,0.516,Aix,6.5307,0.2004
1,229,173.2,28.6,0.00977,5.366,0.763,Aix,5.6436,0.51915
0,169,194.6,27.5,0.01235,4.596,0.569,Aix,4.3863,0.42285
0,122,177.1,29.3,0.01167,4.776,0.682,Aix,5.8669,0.51703
0,163,188.8,27.3,0.01504,4.38,0.478,Aix,1.5811,0.60554
0,123,163.7,27.6,0.01125,8.893,1.441,Aix,4.3417,0.50486
0,116,153.5,28.2,0.01078,14.289,2.492,Aix,6.7201,0.93325
1,117,152,28.4,0.00954,11.102,1.931,Aix,6.229,0.73997
1,118,160.1,30.3,0.00878,7.62,1.184,Aix,6.3253,0.68462
0,115,165.8,31.1,0.0083,8.147,1.291,Aix,6.49,0.588
0,97,141.2,30.8,0.00924,9.569,1.756,Aix,6.825,0.68161
0,82,146.8,27.1,0.01244,7.886,1.545,Aix,6.1522,0.79689
0,116,107.4,27.7,0.00828,2.518,0.549,Aix,8.3024,-0.02409
0,64,104.7,26,0.01025,2.053,0.463,Aix,8.8051,0.03408
0,81,111.2,25.8,0.00626,3.135,0.782,Aix,8.8204,-0.57542
1,102,128.3,24,0.00658,2.539,0.51,Aix,9.0802,-0.44395
1,89,144.3,25.6,0.00742,2.16,0.348,Aix,5.9816,-0.66691
0,124,141.6,30,0.00863,2.542,0.411,Aix,5.7009,-0.37725
0,139,186.2,28.1,0.00844,5.222,0.684,Aix,6.3695,0.38634
0,176,170.3,27.1,0.01128,3.391,0.411,Aix,3.6056,0.33929
1,148,176.6,27.2,0.00896,8.967,1.491,Aix,6.3702,0.74098
0,156,166.6,27.4,0.00897,13.771,2.208,Aix,6.4351,0.79639
1,123,142.4,30.2,0.01025,17.158,3.107,Aix,7.1344,1.02557
1,149,244.1,33.3,0.00782,9.755,0.97,Aix,5.7009,0.66104
0,120,227,23.9,0.01232,17.013,2.068,Aix,3.467,0.99079
0,77,121.2,25.9,0.00929,4.712,0.953,Aix,8.1025,-0.41948
0,107,98.2,29.8,0.0043,3.937,0.97,Aix,11.5256,-0.67474
0,83,98.5,30.5,0.00619,3,0.728,Aix,12.1622,-0.7854
0,120,109.1,29.6,0.00375,3.605,0.823,Aix,10.9786,-0.7274
1,96,159.1,27.6,0.00608,3.907,0.628,Aix,7.0029,0.02856
1,98,143.7,27.8,0.00909,13.958,2.598,Aix,6.1847,0.88848
0,102,144.5,27.9,0.01151,15.724,2.953,Aix,6.3411,0.90837
0,144,253.4,29.1,0.00913,17.967,1.89,Aix,5.6727,0.71054
0,103,151.7,30.3,0.00995,9.202,1.487,Aix,6.8154,1.17939
0,113,150.3,31.4,0.01004,7.685,1.216,Aix,7.0214,1.26706
0,115,207.2,30.5,0.01224,7.961,0.853,Aix,5.8241,1.2925
1,117,122,29,0.00701,2.961,0.579,Aix,7.6538,-0.50456
1,93,102.7,26.5,0.0044,3.172,0.743,Aix,8.3648,-0.48503
0,93,132,29.8,0.00476,3.34,0.581,Aix,6.2514,0.12832
0,100,149.8,23.9,0.01123,2.643,0.358,Aix,5.0329,-0.36575
0,97,122.8,26.2,0.00743,3.118,0.617,Aix,14.2948,-0.82498
0,101,98.4,26.2,0.00428,3.778,0.982,Aix,14.1767,-0.85528
0,98,93.9,29.8,0.00464,3.572,0.898,Aix,10.8904,-0.77241
1,83,98.9,30,0.00518,1.852,0.453,Aix,10.4019,-0.90807
1,74,79.6,26.8,0.00629,2.079,0.605,Aix,12.14,-0.92565
0,118,103.7,27,0.00364,3.122,0.666,Aix,5.5902,-0.17985
0,109,126.7,25.1,0.00672,12.365,2.655,Aix,6.8819,0.95055
0,99,241.6,23.1,0.0138,9.918,1.008,Aix,3.9825,0.49734
0,85,102.3,28.6,0.00453,3.159,0.737,Aix,9.9765,-0.74995
1,92,78.5,28.6,0.00483,2.515,0.744,Aix,9.4403,-0.63503
1,92,100.2,28.4,0.00638,2.603,0.572,Aix,7.5007,-0.01333
0,109,135.6,26.4,0.00556,12.93,2.396,Aix,6.4444,0.84029
0,117,128.4,27.2,0.00985,5.479,0.968,Aix,6.6287,0.1974
1,91,118.1,24.1,0.0058,2.606,0.517,Aix,7.1449,0.1122
1,69,131.4,19.6,0.00902,4.453,0.766,Aix,6.5,-0.5325
0,83,126.5,23,0.00866,3.837,0.724,Aix,14.0014,-0.7955
0,71,103.9,25.9,0.00462,2.839,0.652,Aix,10.6832,-0.7523
0,105,147.6,26.4,0.00827,5.04,0.766,Aix,5.41202,0.28084
0,108,120.4,24.5,0.00693,7.581,1.408,Aix,6.73573,0.71185
0,86,113.9,26.1,0.00779,5.063,0.852,Aix,5.93633,-0.56931
1,26,187.3,21.7,0.01044,20.248,2.278,Aix,4.12311,0.39852
1,79,149.8,24,0.01226,5.145,0.702,Aix,2.69072,-0.73282
0,109,176.3,25.6,0.01088,6.182,0.761,Aix,6.31981,0.0792
0,138,192.4,27.2,0.00929,5.561,0.613,Aix,5.91692,0.53172
0,126,153.9,27.4,0.0065,10.126,1.488,Aix,5.63649,0.43984
0,100,132.1,25.6,0.01043,15.658,2.78,Aix,6.30079,0.94317
0,133,183.6,28.8,0.00874,15.225,1.787,Aix,5.45894,0.49642
1,112,157,28.4,0.00932,7.958,1.115,Aix,5.76975,0.44814
1,110,130.5,27.6,0.00816,11.647,1.986,Aix,5.59732,0.8486
0,104,90.2,21.2,0.01293,4.083,1.052,Aix,9.80306,-0.32175
0,71,85.1,19.5,0.01333,4.528,0.838,Aix,7.0214,-0.30373
0,86,92.6,19.9,0.01301,18.337,2.935,Aix,2.96816,0.56931
1,84,66.9,21,0.01359,9.213,1.686,Aix,2.30217,-1.52735
0,75,91.5,21.5,0.00773,4.522,1.11,Aix,5.72713,-0.43241
0,96,118.6,21.2,0.01044,11.1,2.043,Aix,4.68615,0.87606
0,87,116.8,24.6,0.00992,5.553,0.999,Aix,5.73847,-0.39345
0,105,148.4,25.9,0.00956,9.34,1.24,Aix,4.00125,-0.02499
0,60,75.8,17.9,0.00799,9.915,2.766,Aix,2.77308,-0.44752
0,112,139.6,20.4,0.00741,8.124,1.221,Aix,4.20476,-0.04758
0,117,154.7,20.4,0.00663,31.114,3.776,Aix,3.80789,0.23861
1,105,152.6,20.4,0.00975,18.402,2.339,Aix,2.65707,0.34556
1,46,67.2,15,0.00978,0.708,0.264,Als,4.44072,0.62549
1,92,82.7,18,0.01055,0.811,0.23,Als,3.96232,0.1776
0,68,100.1,15.8,0.00932,2.41,0.638,Als,0.41231,0.24498
0,85,80.5,17.1,0.01091,0.713,0.229,Als,3.61248,0.72664
0,96,74.8,18,0.00896,0.499,0.158,Als,5.21728,0.21243
0,114,56.1,19.7,0.00894,1.065,0.444,Als,1.97231,0.53172
0,127,72.2,21.5,0.00995,1.045,0.348,Als,3.2249,1.05165
1,140,123.2,22.3,0.00865,13.882,2.94,Als,5.66392,0.83536
1,131,98,23.6,0.01013,4.596,1.154,Als,6.88186,0.95055
0,84,126.5,23.9,0.01314,2.982,0.538,Als,1.52315,0.40489
0,126,211.7,26,0.01719,5.682,0.622,Als,3.70135,0.67052
0,102,98.5,22.4,0.01615,1.31,0.282,Als,3.16228,0.32175
0,75,118.5,19.8,0.01496,3.347,0.757,Als,4.3566,1.01463
0,79,88.2,18.1,0.01299,1.076,0.289,Als,5.99333,0.44872
1,99,81.8,20.5,0.0117,1.101,0.319,Als,1.30384,0.56673
1,92,119.8,20.7,0.01192,1.407,0.273,Als,2.88444,0.98279
0,70,69.4,17.6,0.00882,0.567,0.186,Als,6.92315,0.1889
0,70,66.7,19.4,0.01192,0.657,0.207,Als,2.97321,0.34302
0,73,58.4,22.3,0.01489,1.064,0.354,Als,2.8178,0.47952
0,64,75.4,23.9,0.01404,0.922,0.251,Als,6.60303,-0.03029
0,120,103.9,27.1,0.01399,5.676,1.244,Als,0.6,0
1,62,82.2,26.4,0.02058,1.103,0.272,Als,3.02655,0.13255
1,101,74.1,26.2,0.01725,1.676,0.49,Als,2.06155,0.88848
0,166,143.5,32,0.01734,8.674,1.37,Als,1.69706,0.7854
0,239,133.5,34.7,0.01906,6.254,0.959,Als,0.5,0.9273
0,184,183.8,29.2,0.02153,4.026,0.491,Als,4.38292,0.47385
0,87,100.1,25.2,0.02475,1.78,0.318,Als,5.09215,0.34038
0,103,127.7,25.1,0.02183,2.528,0.442,Als,1.14018,-1.30454
1,134,80.9,27.2,0.01876,1.54,0.42,Als,1.48661,0.73782
1,98,105,27.8,0.01808,3.178,0.663,Als,0.36056,-0.588
0,124,113.8,23.3,0.01488,3.849,0.819,Als,2.7313,0.41451
0,146,119.2,23.1,0.01047,3.831,0.771,Als,3.52278,0.60375
0,154,100.2,26.6,0.01173,1.357,0.273,Als,2.12132,0.7854
0,118,73.5,25.4,0.00992,0.592,0.164,Als,5.96657,0.23685
0,98,60.8,19.5,0.00972,0.724,0.281,Als,5.29528,-0.18999
1,95,48.8,18.6,0.00919,0.39,0.178,Als,4.62277,0.89268
1,110,80.8,21.4,0.01089,0.702,0.194,Als,4.52217,0.31476
0,117,86.5,25.8,0.01029,0.828,0.202,Als,4.08044,0.6288
0,63,63.3,18.8,0.01252,0.771,0.271,Als,6.22896,0.09647
0,69,51,20.1,0.0157,0.885,0.355,Als,8.62148,0.90874
0,76,77.8,18.2,0.01366,0.87,0.253,Als,5.09902,0.44611
0,109,108.8,23,0.01226,2.664,0.567,Als,0.31623,-0.32175
1,79,66.3,20.1,0.01488,0.649,0.183,Als,3.45398,0.38588
1,81,77.4,22.4,0.01368,1.225,0.345,Als,1.45602,0.2783
0,127,126.3,29.1,0.01264,3.341,0.584,Als,0.7,-1.57079
0,79,159.2,30.1,0.01376,1.66,0.226,Als,2.76586,0.86217
0,59,83.9,19,0.01388,0.754,0.188,Als,5.37122,0.42201
0,97,68.1,21.6,0.01166,0.676,0.207,Als,2.6,-0.39479
0,132,193.6,25,0.01367,5.321,0.623,Als,3.20156,0.25255
1,84,104.3,23,0.01309,0.989,0.182,Als,0.9434,0.5586
0,27,122.7,22.1,0.02082,2.742,0.444,Als,2.14009,0.91795
0,31,84.2,18,0.01849,1.264,0.312,Als,3.33766,-0.15037
0,69,59.1,19.4,0.01456,4.062,1.768,Als,3.04138,0.47835
0,107,79.5,21.6,0.01206,3.704,1.285,Als,3.36155,0.53022
1,135,116.7,27.6,0.01025,1.039,0.179,Als,2.40832,0.84415
1,99,96.8,24.8,0.00896,0.793,0.177,Als,7.21249,0.29544
0,116,77.6,21.5,0.01156,0.684,0.186,Als,3.70135,0.90027
0,120,80.7,24.7,0.01293,0.79,0.212,Als,4.52769,0.75416
0,71,119,23.8,0.01287,1.036,0.173,Als,6.08276,0.16515
0,91,139.3,21.8,0.01134,1.535,0.226,Als,3.7855,0.21294
0,86,121.8,22.4,0.01419,1.595,0.263,Als,2.37697,0.38832
1,126,125.1,25.7,0.01703,2.097,0.349,Als,6.12209,0.90116
1,114,142,27.2,0.01572,2.629,0.386,Als,5.72014,0.93429
0,139,159.2,29.1,0.01723,3.9,0.493,Als,4.67547,0.72487
0,142,185.7,29.7,0.0188,3.962,0.436,Als,4.245,0.75208
0,92,115.6,24.2,0.01843,1.279,0.218,Als,2.69072,0.73282
0,163,97.7,29.5,0.01351,0.955,0.181,Als,3.78021,0.91671
1,173,124.6,32.9,0.01446,1.141,0.168,Als,3.05287,0.55165
1,169,153.2,35,0.01539,1.762,0.209,Als,2.95466,0.41822
0,210,135.2,35.6,0.014,1.14,0.153,Als,4.2638,0.88507
0,226,125.7,36.2,0.01295,0.736,0.105,Als,5.73149,0.74838
0,206,132.6,34.4,0.0097,1.662,0.238,Als,4.96488,0.97162
0,214,117.5,35.7,0.00912,1.737,0.281,Als,4.03113,0.80294
0,161,140.6,36.3,0.0138,0.789,0.102,Als,4.245,0.81872
1,185,137.4,36.4,0.01607,1.841,0.301,Als,3.36155,1.04058
1,147,154,34.8,0.0133,2.693,0.331,Als,3.64005,0.2783
0,208,125.9,33.2,0.0071,1.452,0.224,Als,3.74833,0.76653
0,219,173.9,36.8,0.0099,2.994,0.327,Als,2.19317,-1.14794
0,204,132.4,37.4,0.01181,0.697,0.1,Als,4.92544,-0.10169
0,157,138.6,29.5,0.01754,1.616,0.207,Als,4.17732,0.1927
1,139,76.6,25,0.01029,1.301,0.355,Als,5.1,0.48996
1,156,128.6,27,0.01169,2.17,0.325,Als,5.39073,0.86418
1,168,155.8,31.7,0.01598,2.958,0.329,Als,4.005,0.04996
0,98,83.5,24.4,0.0162,0.95,0.197,Als,8.13941,0.18535
0,114,90.5,27.2,0.01411,0.557,0.101,Als,3.44819,-0.51555
1,126,61.5,26.4,0.00714,2.918,0.89,Als,3.53553,0.7854
0,113,112.4,27.7,0.00728,1.68,0.257,Als,6.4195,0.31682
0,66,79,15.1,0.00751,1.399,0.311,Als,6.13922,0.21337
1,60,102.4,14.6,0.00827,2.078,0.432,Als,0.53852,-1.19029
1,79,78,12.6,0.00769,1.193,0.31,Als,9.97246,0.27417
1,80,78.5,10.9,0.00567,1.495,0.466,Als,6.08358,0.44159
0,99,74.9,12.4,0.00517,0.997,0.317,Als,3.60555,0.0555
0,82,78.2,13.4,0.00376,1.167,0.366,Als,1.43178,1.3597
0,92,82.6,13.9,0.0033,1.51,0.463,Als,4.62277,0.89268
0,99,78.5,17.5,0.00425,1.535,0.444,Als,8.45044,0.87757
1,69,82.4,14.8,0.0098,1.75,0.429,Als,9.41116,0.82297
1,95,75.7,16.7,0.0049,1.579,0.486,Als,2.92746,-0.13707
0,71,99.8,17.6,0.00601,2.443,0.526,Als,4.50444,1.52638
0,74,78.2,14.2,0.00735,2.505,0.728,Als,5.25547,1.20089
0,83,76.3,15,0.00448,1.533,0.497,Als,3.58469,1.04473
0,92,94.8,17.2,0.00559,2.209,0.542,Als,1.33417,-1.344
0,99,64,22.7,0.00783,2.681,0.836,Als,2.55539,0.53371
1,91,77,19.2,0.01011,2.058,0.526,Als,2.86007,0.63651
1,79,56.4,16.1,0.00945,2.418,0.945,Als,1.2083,-0.42663
0,58,55.6,14.5,0.01327,1.994,0.803,Als,5.80517,0.73666
0,101,73.4,19.4,0.0096,1.422,0.42,Als,2.26274,0.7854
0,100,106,24.5,0.01034,1.918,0.379,Als,2.90689,1.50194
0,149,128.2,28.3,0.01325,2.959,0.464,Als,1.9105,-1.46592
0,140,155.6,30.7,0.01532,2.2,0.278,Als,2.5632,1.21203
1,141,115.1,31.1,0.01759,2.204,0.38,Als,2.77849,1.04272
1,178,126,29.6,0.01802,1.582,0.218,Als,3.7108,1.32582
0,54,103.2,19.6,0.01722,1.65,0.322,Als,6.64078,0.32175
0,103,94.3,17.6,0.0098,1.582,0.388,Als,1.62788,0.18535
0,129,100.4,23.2,0.00671,1.416,0.298,Als,3.80789,1.1659
0,132,107.5,28.2,0.00777,2.109,0.387,Als,4.46542,0.97658
1,81,100.3,19.7,0.00746,1.049,0.231,Als,7.61577,0.5224
1,76,101.2,20.2,0.00602,0.907,0.197,Als,6.67608,0.28859
0,46,97.7,18.1,0.00831,1.839,0.413,Als,6.30317,0.84152
0,80,81.8,17.5,0.00377,0.887,0.263,Als,5.18941,1.13301
0,91,101.3,17.9,0.00555,1.228,0.279,Als,5.51543,1.18019
0,109,103.8,19,0.00706,1.446,0.294,Als,1.40357,-0.07131
1,51,63.4,16.5,0.00747,2.396,0.863,Als,1.02956,0.5071
1,101,78.4,18.9,0.00627,1.776,0.536,Als,1.21655,-1.40565
0,121,85.9,21.9,0.00683,0.915,0.226,Als,2.10238,0.44237
0,132,114.8,24.6,0.00754,1.959,0.351,Als,1.58114,0.96525
0,92,103.6,25,0.00865,1.126,0.225,Als,2.60768,-0.07677
0,94,90.9,26.4,0.01211,0.994,0.206,Als,3.50143,-0.02856
1,124,94.3,26.2,0.00714,1.826,0.4,Als,6.71193,1.07383
1,124,91.8,27.8,0.00726,1.263,0.279,Als,7.64003,0.92468
0,162,146.4,30.9,0.00779,2.048,0.291,Als,6.12944,1.07796
0,174,132.8,31.4,0.00948,2.243,0.346,Als,3.55106,0.56457
0,164,134,29.3,0.00779,1.466,0.226,Als,4.24382,0.60107
0,196,138.6,30.7,0.00846,1.584,0.233,Als,4.87032,1.23606
0,179,141.8,32.6,0.01084,1.308,0.175,Als,3.19061,1.00887
1,84,107.1,23.9,0.01372,1.519,0.276,Als,4.81041,0.75599
1,156,143.8,27.3,0.01092,2.171,0.322,Als,2.40416,0.7854
0,152,148.8,29.8,0.0106,1.636,0.22,Als,1.3,-1.17601
0,215,156.3,30.8,0.01082,2.578,0.338,Als,4.51885,1.13684
0,78,113.8,27.6,0.01196,1.337,0.232,Als,4.30116,0.30705
0,94,84.7,23.1,0.011,0.945,0.219,Als,5.02892,0.30288
0,73,78.3,21.1,0.00831,0.932,0.248,Als,6.23939,0.37753
1,59,52.5,20.7,0.01222,1.577,0.535,Als,3.11127,0.7854
1,99,157.4,25.9,0.01228,3.235,0.446,Als,1.14018,0.90975
0,53,101,17.4,0.01132,1.505,0.288,Als,8.15414,0.5846
0,44,71.5,19.8,0.01089,1.07,0.292,Als,5.34509,0.304
0,48,89.1,16.7,0.00853,1.514,0.359,Als,5.004,-0.03998
0,63,88.4,17,0.00891,1.385,0.333,Als,1.64012,0.6557
1,117,121.4,21.1,0.00995,1.758,0.294,Als,5,0.9273
1,109,93.5,24.3,0.01412,1.454,0.316,Als,5.81808,1.14559
0,73,111,26.2,0.00896,1.419,0.251,Als,6.17414,1.13613
0,131,105.2,26.3,0.01053,1.324,0.247,Als,6,0.9273
0,142,105.7,28.6,0.00814,1.414,0.258,Als,5.73062,1.06031
1,181,126,29.9,0.00765,2.989,0.469,Als,2.59615,1.29779
0,150,104.6,30,0.01184,2.287,0.419,Als,4.03113,0.80294
1,128,107.8,25.6,0.0143,1.356,0.238,Als,5.71402,0.99736
1,119,148.6,29,0.00699,1.799,0.241,Als,4.11825,0.5071
0,98,133.9,28.5,0.01,1.391,0.193,Als,7.59539,0.15866
0,82,98,21.4,0.00962,1.446,0.305,Als,6.77791,0.37777
0,60,86,23.2,0.00892,1.396,0.301,Als,8.59593,0.51049
0,93,92.7,21.2,0.01049,1.255,0.26,Als,6.62118,0.43663
0,36,85.1,21.6,0.00991,0.902,0.175,Als,5.34509,0.304
1,94,95.5,22.3,0.00691,0.745,0.164,Als,3.00167,0.52328
1,70,81.5,22.9,0.01066,1.746,0.346,Als,6.45368,0.86217
0,45,59.9,21,0.01082,2.112,0.682,Als,7.35731,1.02805
0,82,71.7,23.5,0.01149,1.26,0.283,Als,2.59422,0.48089
0,142,157.7,29.6,0.01427,4.596,0.521,Als,0.14142,0.7854
0,131,82.2,30,0.01318,2.72,0.58,Als,1.07703,0.38051
0,125,103.9,28.4,0.01115,1.361,0.236,Als,4.70106,0.02127
1,65,89.1,23.3,0.01048,0.817,0.172,Als,5.51453,0.0726
1,87,80.4,22.7,0.00783,0.812,0.194,Als,4.66476,0.54042
0,96,101.4,23.8,0.00805,1.851,0.387,Als,1.50333,1.50423
0,35,87.8,20.3,0.00931,1.528,0.356,Als,4.60977,1.14596
0,103,95.1,23.3,0.00701,0.873,0.184,Als,5.10392,-0.0392
0,79,89.6,22.1,0.00733,0.831,0.179,Als,2.81603,-0.10674
0,88,76.6,22.8,0.00924,1.555,0.368,Als,5,0.9273
1,70,75.4,18.4,0.00702,1.193,0.331,Als,4.07185,0.43069
1,72,59.5,15.2,0.00858,1.246,0.454,Als,2.43516,-0.33474
0,64,50.6,19,0.00619,0.62,0.228,Als,5.54437,0.68319
0,90,74.5,21,0.00742,0.968,0.258,Als,3.00167,0.52328
0,66,78.8,21.4,0.00824,1.361,0.326,Als,3.08058,1.34156
0,57,85,23.5,0.01027,1.306,0.256,Als,4.12311,0.68232
1,92,76.9,21.9,0.00804,1.064,0.254,Als,3.72022,0.63275
1,67,53.5,19.2,0.00897,0.782,0.216,Als,6.72681,0.08931
0,101,114.5,25.2,0.00974,2.409,0.389,Als,6.26259,0.67225
0,98,60.2,23,0.01359,1.736,0.465,Als,5.80086,0.01724
1,74,97,22.3,0.00919,1.35,0.252,Als,1.11803,-0.46365
1,61,96.8,18.5,0.01269,2.729,0.583,Als,3.1257,1.44247
0,91,107.7,22.2,0.01255,1.659,0.195,Als,2.3,0
0,91,93,22.7,0.01069,1.289,0.205,Als,3.22025,0.63108
0,78,87.7,21.7,0.01058,1.715,0.323,Als,2.60768,0.07677
0,62,64.2,17.9,0.01195,2.114,0.553,Als,6.02163,0.62025
0,68,93.5,19.6,0.00529,1.383,0.285,Als,4.65296,0.49249
1,79,81.8,21.3,0.00641,1.254,0.272,Als,2.2561,1.34732
1,103,96.7,23.4,0.00677,2.399,0.477,Als,4,0.9273
0,120,144,26.4,0.00943,2.854,0.352,Als,5.06952,1.18663
0,126,151.1,28.7,0.00947,2.519,0.286,Als,6.15549,0.81987
0,144,180.5,28.7,0.00945,5.117,0.501,Als,2.69258,1.19029
0,93,109.3,28.3,0.01268,1.681,0.23,Als,4.29535,0.21109
0,109,93,26.6,0.01033,3.22,0.556,Als,1.98494,0.71409
1,98,111.8,25.7,0.01056,1.814,0.274,Als,4.78017,0.65187
1,102,128.7,27.2,0.00933,5.772,0.815,Als,5.39073,0.70661
0,111,134.8,26.6,0.00703,5.738,0.797,Als,2.2,1.57079
0,126,119.8,26.4,0.01124,3.86,0.471,Als,1.47648,0.49394
0,156,117.5,28.1,0.01025,1.915,0.208,Als,4.10488,0.97604
0,110,139.6,29,0.00966,2.97,0.281,Als,3.84708,1.0839
1,78,101.7,25.4,0.01025,1.835,0.203,Als,3.27567,1.02514
1,33,91.3,19.7,0.01281,2.272,0.298,Als,2.28254,1.06795
0,58,80.5,19.5,0.01192,2.363,0.381,Als,2.41661,0.42663
0,41,67.7,21.2,0.0097,4.203,1.043,Als,3.96232,0.8211
0,87,110.2,23.4,0.00885,2.25,0.294,Als,5.69386,0.5344
0,42,96.7,23.5,0.01019,2.519,0.343,Als,5.73062,0.51049
0,39,51.7,12.7,0.00861,6.336,1.874,Als,4.20476,1.12842
1,65,59.8,14.9,0.00484,4.398,1.409,Als,4.85489,1.00565
0,65,83.2,16.9,0.00514,5.067,1.116,Als,2.24722,1.20682
0,78,82.9,19.3,0.00469,4.741,0.955,Als,6.16117,0.94677
0,57,104.9,19.4,0.00672,5.205,0.779,Als,4.51885,1.13684
0,79,69.3,20.5,0.00708,3.934,0.883,Als,2.64008,0.91972
1,101,111.2,19.3,0.00665,2.633,0.343,Als,4.15933,0.4744
0,23,65.1,18.3,0.01106,2.519,0.507,Als,2.77849,0.52807
0,19,48.2,20.5,0.00786,7.777,2.143,Als,3.58469,1.04473
0,41,63.4,18.2,0.00655,1.795,0.402,Als,4.20119,0.66731
0,52,58.8,15.5,0.00839,2.917,0.668,Als,6.2642,0.29146
1,84,81.3,22.3,0.00904,0.785,0.213,Cad,9.3622,-0.40629
1,103,100.5,20.7,0.00748,0.981,0.233,Cad,9.4366,-0.17038
0,100,115.1,17.9,0.00816,0.811,0.193,Cad,9.4048,-0.14942
0,96,95,19.7,0.00726,0.743,0.191,Cad,10.9385,-0.24941
0,115,93.8,24.3,0.0071,0.788,0.199,Cad,9.7739,-0.3444
0,114,117.5,24.9,0.00909,1.109,0.22,Cad,7.6531,-0.11787
0,153,128.8,27.1,0.00937,1.194,0.197,Cad,4.6872,0.588
1,203,182,25.4,0.01275,5.952,0.812,Cad,6.1074,0.69264
1,208,188,25.3,0.01184,7.85,1.13,Cad,6.7956,0.57576
0,121,137.7,25.5,0.01141,10.433,1.931,Cad,6.1221,0.66964
0,112,101.1,21.1,0.01706,1.154,0.27,Cad,6.8118,-0.86854
0,114,129.3,17.7,0.01684,3.685,0.685,Cad,2.9206,0.66405
0,56,146.4,14.3,0.01488,2.988,0.524,Cad,5.2154,0.07677
0,103,115.4,19,0.01088,1.922,0.354,Cad,8.5475,0.10549
1,84,78.7,15.3,0.01547,0.84,0.235,Cad,1.6125,-1.05165
1,72,88.4,20.4,0.01315,0.76,0.197,Cad,8.1345,-0.36453
0,92,85.3,23,0.0069,0.854,0.219,Cad,11.0693,-0.39896
0,77,89.2,25.2,0.00922,0.953,0.221,Cad,9.2445,-0.27384
0,178,192.3,26.9,0.01209,5.783,0.703,Cad,7.6158,0.40489
0,114,126.2,29.4,0.0117,1.363,0.226,Cad,7.7414,-0.10352
0,173,143.1,28.5,0.01208,5.686,0.898,Cad,6.9354,0.4314
0,194,177.6,30.9,0.0101,6.974,0.94,Cad,6.3906,0.35144
0,188,159.8,31.6,0.00888,4.145,0.777,Cad,7.8109,0.3258
0,143,203.2,32.3,0.01132,6.198,0.703,Cad,6.4885,0.49812
0,125,214.5,30.8,0.00733,4.045,0.466,Cad,6.4133,0.18822
1,106,138,34.1,0.01192,1.112,0.159,Cad,7.5505,-0.19999
1,114,157.8,32.9,0.01569,3.481,0.454,Cad,7.1847,0.60731
0,112,144.1,31.7,0.01414,1.918,0.274,Cad,7.7666,-0.2075
0,100,147.7,30.8,0.01047,1.7,0.228,Cad,9.6047,-0.25255
0,166,48.3,27,0.02361,1.488,0.494,Cad,3.1953,-1.21935
0,135,183,27.8,0.01463,7.783,1.054,Cad,5.8052,0.73666
0,73,104.1,26.6,0.00891,1.151,0.214,Cad,11.9281,-0.60661
1,101,102.6,27,0.00727,1.027,0.204,Cad,7.311,-0.05474
1,117,108,26.1,0.01003,0.906,0.192,Cad,5.4745,0.16515
0,118,146.9,24.8,0.01367,2.28,0.374,Cad,4.9659,1.13417
0,74,129.9,26.5,0.01146,1.347,0.241,Cad,7.3682,-0.13614
0,108,148.6,24.4,0.01769,6.491,1.121,Cad,7.5769,0.39276
0,64,100.2,26.6,0.008,1.063,0.217,Cad,11.0766,-0.11764
0,131,134.7,26.5,0.00937,4.539,0.86,Cad,7.7698,0.55587
1,77,100.8,24.6,0.01033,0.875,0.18,Cad,7.9202,-0.42976
1,91,155.1,30.1,0.01152,2.396,0.338,Cad,7.0214,0.18622
0,102,113.9,30.2,0.01037,0.922,0.163,Cad,5.1662,-1.31643
0,105,130.5,28.9,0.01219,1.757,0.329,Cad,4.1617,0.95613
0,82,199.7,26.8,0.01421,2.838,0.309,Cad,6.9065,-0.04345
0,80,106.5,29.1,0.00923,1.106,0.215,Cad,8.36,-0.1199
0,89,119.6,29.8,0.00892,1.149,0.202,Cad,8.4593,-0.11849
1,70,73.9,25.5,0.01073,0.446,0.124,Cad,9.0377,-0.43395
0,94,137.6,20.3,0.01901,1.571,0.241,Cad,6.407,-0.04684
0,77,129.5,26.8,0.01463,1.6,0.263,Cad,8.9944,-0.49846
0,114,112.9,29.4,0.01169,0.867,0.155,Cad,10.3092,-0.31562
0,157,163.3,28.8,0.00785,1.878,0.282,Cad,7.7104,-0.16941
1,202,199.6,30.8,0.01222,3.813,0.409,Cad,8.3385,0.09609
1,191,268.6,30.7,0.0148,7.332,0.653,Cad,5.728,0.2831
0,112,151.5,31.9,0.00785,1.948,0.258,Cad,8.0623,-0.12435
0,189,179.9,30.5,0.01372,2.412,0.276,Cad,7,0
0,81,86.1,28.5,0.01048,0.568,0.126,Cad,12.8316,-0.7137
0,101,104.1,28,0.00958,1.197,0.221,Cad,10.6892,-0.4762
0,133,128.1,29,0.01221,1.477,0.251,Cad,4.7885,0.50101
1,147,131,28.7,0.01414,2.595,0.437,Cad,7.2498,0.42663
1,175,185.6,28.4,0.01535,2.914,0.351,Cad,6.4514,0.33155
0,143,172.3,23.9,0.02753,1.996,0.22,Cad,5.4589,0.49642
0,123,158.5,22.6,0.02186,2.948,0.428,Cad,5.7871,0.17367
0,137,141.8,31,0.01065,2.276,0.351,Cad,7.278,0.22165
1,224,157,32.2,0.01241,3.298,0.462,Cad,8.1271,0.32564
1,182,175.2,32.5,0.01564,3.332,0.413,Cad,8.132,0.28675
0,257,153.6,34.5,0.0104,3.863,0.548,Cad,8.5615,0.24781
0,269,173.5,34.3,0.01386,4.062,0.508,Cad,8.4694,0.40024
0,319,155.9,34.9,0.01142,2.87,0.385,Cad,8.3744,0.20442
0,209,185.6,33.1,0.019,1.931,0.215,Cad,3.7014,0.02702
0,209,174.6,30.4,0.02143,3.664,0.458,Cad,3.9395,0.41822
1,175,157.8,33.1,0.01556,2.308,0.306,Cad,5.1788,0.17467
1,208,141.3,33.4,0.0107,4.672,0.734,Cad,8.9694,0.38879
0,185,182.1,34.9,0.01817,3.313,0.378,Cad,8.5796,0.36968
0,254,211.2,36.3,0.01347,5.991,0.589,Cad,7.6968,0.42878
0,296,189,35,0.01722,6.023,0.668,Cad,8.5088,0.41106
0,201,203.9,34.3,0.01557,3.562,0.402,Cad,7.3926,0.40312
1,168,168.5,33.6,0.01599,2.645,0.308,Cad,7.7466,0.19486
1,102,161.9,32.3,0.01675,2.924,0.361,Cad,5.9682,0.54617
0,137,134.1,30.2,0.01361,2.587,0.402,Cad,6.9893,0.33532
0,134,120.5,32.8,0.01016,0.997,0.159,Cad,9.6338,-0.16686
1,141,110.3,26,0.00681,3.088,0.747,Cad,3.8079,1.04839
0,114,123.8,26.2,0.00412,0.85,0.142,Cad,5.8421,-1.45069
0,97,90.6,22.4,0.00343,0.551,0.14,Cad,9.1417,-0.34597
1,108,118.9,21.3,0.0043,0.738,0.146,Cad,9.2957,-0.70163
0,99,112.9,21,0.00328,1.194,0.259,Cad,9.7082,-0.04121
0,135,127.8,18.8,0.00748,1.392,0.244,Cad,2.1024,-0.04758
0,118,122.2,21.5,0.00398,1.887,0.365,Cad,5.8009,0.01724
0,130,131,20.6,0.00547,2.106,0.392,Cad,8.6452,-0.71992
1,105,85,17.3,0.01121,2.47,0.734,Cad,4.1593,-0.1691
1,113,111.9,19.3,0.00639,1.659,0.386,Cad,6.407,-0.04684
0,103,96.6,14.8,0.00983,1.327,0.363,Cad,2.6476,0.18999
0,86,120.7,15.6,0.0101,0.971,0.181,Cad,6.5437,-0.67713
0,85,97.1,18.6,0.00718,1.269,0.317,Cad,8.7092,-0.37624
0,113,132.6,23.1,0.00444,2.065,0.376,Cad,6.5008,-0.01538
0,122,135.4,23.5,0.0062,6.268,1.266,Cad,7.4,0.3303
1,127,113.4,24.9,0.00528,3.546,0.834,Cad,6.4661,0.55368
1,123,129.4,22.5,0.00541,0.787,0.147,Cad,6.1847,-0.68232
0,93,100.3,21.9,0.0071,0.745,0.168,Cad,11.3217,-0.42809
0,114,124.3,24.4,0.0074,1.773,0.341,Cad,5.8215,0.08599
0,201,188.4,26.5,0.01336,2.915,0.356,Cad,3.5903,0.22471
0,207,217,26.6,0.01328,3.434,0.355,Cad,5.9211,0.08454
0,169,150.4,27.6,0.01074,1.773,0.258,Cad,4.1183,0.5071
1,183,164.1,26.5,0.01085,2.369,0.338,Cad,6.637,0.10567
1,192,160.7,26.6,0.01089,2.296,0.339,Cad,7.0093,0.24498
0,101,111.7,27.9,0.01428,0.946,0.172,Cad,9.5462,-0.39801
0,109,109.1,25.6,0.01166,1.611,0.35,Cad,3.4059,-0.05876
0,156,127.4,23.5,0.01279,1.429,0.245,Cad,2.7459,0.5779
0,200,128.9,24.5,0.0117,0.894,0.154,Cad,2.7313,0.41451
0,138,168.3,25.8,0.01003,1.773,0.24,Cad,3.3541,1.39094
1,111,121,26.5,0.00417,0.964,0.191,Cad,7.4632,-0.31328
1,96,102.2,27.9,0.00474,0.856,0.188,Cad,9.4868,-0.32175
0,77,101.7,27.5,0.00566,1.009,0.213,Cad,9.6897,-0.54219
0,108,132.9,20.6,0.00656,3.218,0.648,Cad,7.8892,0.53172
0,125,108.1,21.9,0.00477,1.628,0.369,Cad,6.5192,0.36057
0,168,127.9,21,0.00494,1.539,0.311,Cad,7.506,-0.03998
1,135,135.9,20.9,0.00643,4.878,1.062,Cad,7.2014,0.44502
1,137,128.5,23.8,0.00746,1.258,0.226,Cad,5.9464,0.83298
0,137,126,25.4,0.008,0.756,0.132,Cad,7.7666,-0.96851
0,132,165.1,30.1,0.00804,1.27,0.169,Cad,6.5069,-0.04612
1,181,157.5,30.6,0.01108,1.435,0.184,Cad,6.5734,0.23022
0,148,152.8,27.6,0.01221,1.097,0.157,Cad,2.2023,-0.88187
0,141,157.6,27.5,0.01324,1.964,0.282,Cad,3.7121,-0.0809
0,127,161.7,30,0.01018,2.069,0.251,Cad,4.9193,0.46365
1,125,157.5,30.3,0.00847,2.922,0.427,Cad,7.2111,0.33929
1,220,187.1,33,0.00793,3.844,0.461,Cad,6.9426,0.20305
0,163,198.8,33.4,0.00757,9.536,1.188,Cad,7.2277,0.25169
0,125,152.2,32.8,0.00821,4.81,0.736,Cad,8.9811,0.32879
0,110,153,28.5,0.01098,3.088,0.513,Cad,7.3239,0.61073
0,114,94.2,28.3,0.00655,0.797,0.182,Cad,10.4785,-0.23109
0,78,79.3,26.1,0.00473,0.702,0.196,Cad,11.3864,-0.80403
1,97,154.5,29.7,0.00658,2.851,0.407,Cad,6.8942,0.41822
1,132,184.1,31.2,0.01022,3.083,0.371,Cad,5.1546,0.31562
0,92,142.9,24.8,0.01375,3.305,0.491,Cad,6.7742,0.54295
0,75,106.2,26.9,0.00844,0.99,0.199,Cad,9.8995,-0.1419
0,83,103,26.5,0.00561,0.889,0.209,Cad,10.139,-0.25933
1,111,122.2,24.4,0.00554,0.981,0.189,Cad,10.0807,-0.18961
1,101,128.9,24.7,0.00755,1.085,0.159,Cad,1.2369,0.24498
0,123,134.4,29.9,0.00775,1.196,0.204,Cad,5.099,0.44611
0,150,171.5,28.4,0.00774,2.17,0.283,Cad,7.1021,0.16978
0,184,158.3,28.4,0.00881,1.122,0.156,Cad,0.6083,1.40565
1,203,172.5,29.4,0.00883,2.544,0.325,Cad,6.8007,0.345
0,161,177.1,29.3,0.00831,5.405,0.727,Cad,7.209,0.414
1,170,174.1,33.8,0.00978,3.719,0.462,Cad,7.0385,0.3937
1,217,221.1,35.1,0.00762,3.732,0.368,Cad,6.772,0.28438
0,131,266.7,24.1,0.01355,5.625,0.494,Cad,3.2249,0.51915
0,86,102.5,27.3,0.00836,1.128,0.222,Cad,9.3301,-0.3048
0,114,95.1,31.5,0.00481,1.029,0.22,Cad,10.0319,-0.41013
0,85,109.3,31.7,0.00651,1.109,0.207,Cad,10.2942,-0.69598
0,123,107.6,31,0.00458,0.981,0.193,Cad,10.1843,-0.34038
1,108,150.1,27.9,0.00484,1.635,0.254,Cad,8.1056,0.03702
1,136,154.7,30,0.00811,3.482,0.51,Cad,6.7543,0.44378
0,163,157.2,30,0.01076,2.81,0.397,Cad,7.0214,0.45728
0,183,249.9,31.4,0.00923,4.311,0.401,Cad,7.3376,0.30451
0,136,136.3,32.8,0.00985,0.822,0.123,Cad,4.7676,1.4022
0,129,133.4,33.6,0.00923,0.83,0.124,Cad,5.9237,-1.19029
0,173,149.1,30.4,0.01098,1.421,0.195,Cad,7.1847,-0.96349
1,120,109.9,29.6,0.00607,0.893,0.175,Cad,8.6348,-0.23374
1,103,96.4,27,0.00372,0.838,0.187,Cad,10.2961,-0.19549
0,107,144.3,30.4,0.00496,1.819,0.265,Cad,7.0257,0.08551
0,110,126.4,23.2,0.01239,1.03,0.154,Cad,2.5495,0.44611
0,102,116.4,29.3,0.00713,1.353,0.239,Cad,10.7075,-0.96466
0,109,126.2,28.9,0.00549,1.668,0.278,Cad,10.8467,-0.71363
0,112,102.3,32.5,0.00481,1.507,0.286,Cad,7.0385,-0.3937
1,87,97.8,30.5,0.00393,0.643,0.147,Cad,10.6301,-0.71883
1,75,84,27.6,0.00598,0.843,0.204,Cad,10.9604,-0.79185
0,117,105.3,27.9,0.00285,1.536,0.29,Cad,4.2544,0.41106
0,146,135.9,27.6,0.00649,3.168,0.544,Cad,6.9778,0.44442
0,122,190.4,22.8,0.01417,2.995,0.326,Cad,4.2048,0.44237
0,99,115,29.9,0.00515,1.109,0.193,Cad,7.0937,-0.70557
1,95,67.1,29,0.00468,0.583,0.173,Cad,10.3368,-0.21447
1,89,98.3,28.9,0.00589,1.009,0.201,Cad,9.9141,-0.15188
0,158,168.2,29.6,0.00478,4.514,0.578,Cad,4.8384,0.31521
0,138,117.5,28,0.00843,1.293,0.22,Cad,6.7268,0.08931
1,93,108.1,24.3,0.00575,0.524,0.105,Cad,6.8066,-0.04409
1,64,115.6,20.2,0.00999,1.394,0.196,Cad,3.2016,0.25255
0,83,123,27.4,0.00801,1.458,0.231,Cad,8.9022,-0.66597
0,96,91.9,26.6,0.00522,0.657,0.149,Cad,10.2416,-0.45491
0,129,153.9,27.3,0.00847,1.938,0.246,Cad,6.1131,0.26482
0,128,142,26.6,0.00697,4.37,0.627,Cad,7.1784,0.32616
0,100,104.1,27.2,0.00807,1.929,0.3,Cad,6.7912,-0.23784
1,52,218.2,23.1,0.00952,6.148,0.482,Cad,5.8669,0.51703
1,97,100.5,23.5,0.01128,1.073,0.198,Cad,4.6648,-1.03038
0,132,154.3,28.3,0.00892,2.248,0.266,Cad,2.2361,0.46365
0,177,214,29.8,0.00907,3.615,0.318,Cad,5.5109,0.20095
0,175,198.2,29.3,0.0069,7.02,0.731,Cad,7.1021,0.16978
0,152,134.8,28.3,0.00857,4.684,0.693,Cad,6.14,0.52925
0,214,212.2,31.1,0.0081,7.331,0.67,Cad,5.2469,0.13381
1,209,175,30.4,0.00916,4.353,0.495,Cad,7.0456,0.11379
1,164,141.4,29.4,0.0077,3.691,0.529,Cad,6.0083,0.32175
0,110,137.6,24,0.00859,2.992,0.352,Cad,11.2201,-0.63994
0,104,103.7,20.8,0.013,1.551,0.281,Cad,9.3477,-0.60284
0,73,91.9,19,0.01288,1.998,0.319,Cad,6.5,-0.5325
0,114,78.5,19.7,0.01265,12.769,2.215,Cad,3.2202,0.44976
1,87,81,21.6,0.01268,0.757,0.101,Cad,2.184,-1.2925
0,84,97,21.7,0.00838,1.728,0.345,Cad,4.4283,0.11315
0,112,119.1,22.8,0.00896,3.543,0.559,Cad,3.1623,0.60554
0,103,124.6,24.7,0.00977,2.02,0.304,Cad,4.5695,0.40489
0,113,125.3,26.2,0.0098,2.6,0.357,Cad,5.022,0.22083
0,74,55.5,18.3,0.00998,1.847,0.632,Cad,2.0248,0.35299
0,119,127.6,20.5,0.00786,2.28,0.334,Cad,4.1049,0.04874
0,146,144.9,21,0.00659,11.54,1.414,Cad,4.982,0.18165
1,93,159.2,20.2,0.00986,8.893,0.977,Cad,3.0364,0.30092
1,96,65.8,14.7,0.00974,1.331,0.536,Ram,6.6611,0.94531
1,92,77.8,13.6,0.01268,1.248,0.46,Ram,7.8549,1.02164
0,92,91.1,12.9,0.01227,1.518,0.442,Ram,4.1869,0.86994
0,69,72.2,14.5,0.01368,2.105,0.775,Ram,7.2277,1.31911
0,89,81.3,14.9,0.01034,1.524,0.528,Ram,4.3909,0.5248
0,110,98.6,18.4,0.01032,1.849,0.473,Ram,3.9395,0.41822
0,132,114.8,20.6,0.00982,4.694,1.068,Ram,2.7203,1.2723
1,138,166.3,26.5,0.00813,12.191,1.953,Ram,4.78539,0.4543
1,131,169.3,27.4,0.00988,2.264,0.317,Ram,1.70294,-1.51204
0,107,128.8,23.3,0.01412,1.807,0.354,Ram,2.80713,-0.07131
0,97,116.7,18.5,0.01524,2.629,0.55,Ram,2.69258,0.54679
0,63,65.8,13.2,0.01447,13.93,6.49,Ram,9.10055,0.01099
0,92,106.6,17.6,0.01157,1.813,0.47,Ram,4.61411,0.52183
0,96,91.5,15.6,0.01191,1.895,0.56,Ram,5.71402,0.99736
1,86,110.1,17.4,0.0116,2.067,0.515,Ram,4.30116,0.95055
1,73,105.3,16,0.01001,1.543,0.363,Ram,7.00071,0.7753
0,85,68.6,16.1,0.01134,1.294,0.465,Ram,6.02163,0.62025
0,93,67,19.4,0.00932,1.029,0.34,Ram,6.58635,0.5248
0,51,83.3,19.4,0.0143,1.791,0.509,Ram,6.35138,0.58364
0,59,76.4,21.7,0.01558,1.541,0.435,Ram,5.40833,0.33929
0,100,117.4,27.5,0.01994,3.045,0.541,Ram,4.03113,-1.44644
1,82,100,22.1,0.0147,2.097,0.497,Ram,3.77359,0.5586
1,83,122.9,27.1,0.01348,1.613,0.293,Ram,2.92062,0.90675
0,151,182.2,32.4,0.01859,2.264,0.257,Ram,3.33017,0.84914
0,60,93.8,22.7,0.01625,2.055,0.473,Ram,7.31095,-0.69824
0,98,144.9,21.7,0.01323,11.024,1.99,Ram,3.49285,1.15839
0,76,97.5,21.3,0.01437,2.076,0.471,Ram,3.55106,-0.56457
0,116,144.4,22.5,0.01514,2.175,0.361,Ram,2.14709,0.48448
1,73,118.2,24.3,0.01582,1.807,0.315,Ram,4.07922,0.1974
1,102,128.1,23.1,0.01044,3.243,0.611,Ram,4.219,-1.47584
0,115,98,22.3,0.01003,2.865,0.678,Ram,5.33667,-1.344
0,135,138.6,22.1,0.00954,2.346,0.386,Ram,3.25576,-1.38545
0,124,144.7,24.4,0.00957,2.784,0.543,Ram,3.93954,-1.15257
0,90,82.5,21.6,0.01111,1.974,0.688,Ram,5.20096,-0.90807
0,94,66.5,18.6,0.00963,3.542,1.412,Ram,5.24023,-0.8394
1,116,66.7,19.3,0.00875,0.855,0.324,Ram,2.9,-0.76101
1,87,80.5,22.1,0.00948,0.936,0.262,Ram,4.13038,-0.12135
0,56,59.3,16,0.01593,1.739,0.676,Ram,7.71038,0.81291
0,128,86.4,23.6,0.01406,1.977,0.485,Ram,7.49533,-1.342
0,105,104.7,22.6,0.01499,2.472,0.537,Ram,4.39318,-1.36447
0,115,153.3,24.1,0.0113,6.935,1.051,Ram,5.09902,1.12469
0,138,165.1,25,0.00962,9.132,1.249,Ram,4.38292,0.96381
1,134,176.7,27.6,0.00963,2.519,0.312,Ram,2,0.9273
1,96,92.8,22.1,0.01076,1.528,0.367,Ram,5.51543,-1.18019
0,113,131,23.2,0.00899,2.947,0.547,Ram,3.66879,-1.26629
0,73,100,25.8,0.01349,1.513,0.337,Ram,4.72017,-0.63503
0,85,92.8,23.5,0.00959,1.275,0.273,Ram,6.5192,-0.72027
0,73,93.3,20.4,0.01336,1.293,0.278,Ram,3.75899,-0.49935
0,70,113.1,24.3,0.01541,1.867,0.327,Ram,2.22036,-0.62549
1,140,208.6,28.8,0.01585,6.357,0.649,Ram,3.20624,-0.06242
1,137,190.3,32.8,0.01665,2.097,0.232,Ram,0.82462,-0.24498
0,174,209.6,31.1,0.01839,2.469,0.225,Ram,2.74591,-0.18311
0,84,170.5,24.7,0.01505,2.04,0.261,Ram,4.13401,-0.56116
0,85,91.7,20.1,0.01343,0.943,0.222,Ram,4.43847,0.39306
0,147,133.9,28.5,0.0118,2.161,0.321,Ram,0.98489,0.41822
1,202,143.2,30,0.01441,3.243,0.456,Ram,3.33766,-1.42042
1,228,170.2,33.2,0.01517,7.947,0.938,Ram,3.40147,1.1466
0,164,172.9,35.8,0.01307,11.809,1.378,Ram,3.98246,0.49734
0,228,195.7,37.4,0.0152,8.508,0.844,Ram,5.4037,0.68052
0,280,221.6,38,0.01418,9.192,0.903,Ram,4.95782,0.72832
0,227,153.5,35.7,0.0197,2.635,0.347,Ram,6.772,-1.28641
0,276,223.5,34.7,0.01937,9.091,0.765,Ram,1.70294,0.86854
1,221,158.7,35.6,0.01503,5.099,0.643,Ram,3.11448,0.83082
1,163,164.7,36.8,0.01194,2.647,0.319,Ram,2.23607,-0.17985
0,155,162.6,36.6,0.01354,1.168,0.137,Ram,4.70106,-1.54952
0,183,133.8,37.9,0.01344,0.887,0.11,Ram,3.80789,0.23861
0,169,128.6,33,0.01621,2.117,0.309,Ram,5.60357,1.5351
0,175,193.3,29.4,0.01398,18.784,2.368,Ram,2.78927,0.25367
1,140,114.2,24.3,0.01247,22.985,5.067,Ram,3.00167,0.52328
1,169,132.9,27.1,0.01145,8.488,1.457,Ram,4.20119,0.90349
1,146,137,27,0.01655,2.652,0.327,Ram,2.97321,-0.34302
0,103,112.6,21.3,0.01676,2.29,0.407,Ram,5.31507,0.20847
0,93,73.1,24.5,0.01273,1.174,0.307,Ram,3.18277,-0.80762
1,100,87.4,23.6,0.00895,2.34,0.577,Ram,6.00083,1.15934
0,103,103,21.2,0.01191,1.135,0.215,Ram,2.90172,0.03447
0,79,87.8,12.3,0.00821,2.796,0.762,Ram,4.59674,-0.77001
1,97,79.8,14.3,0.00499,2.495,0.792,Ram,5.0774,-1.01011
1,99,74.8,14.4,0.0047,1.007,0.337,Ram,8.68217,-0.57203
1,90,66.6,13,0.00527,1.603,0.609,Ram,5.1614,-0.62025
0,105,74.2,12.8,0.00317,2.825,1.082,Ram,2.65707,-1.22524
0,92,80.7,12.9,0.00361,3.764,1.307,Ram,5.23927,1.15839
0,99,87.9,14.2,0.00351,10.349,3.333,Ram,6.17738,0.5071
0,110,97.1,17.5,0.00465,4.27,1.085,Ram,8.6885,0.20868
1,48,58.4,11.9,0.00764,4.477,1.944,Ram,5.73149,-0.82242
1,96,96.1,15.2,0.00735,28.383,7.56,Ram,3.15753,0.19118
0,83,86.7,15.8,0.0066,3.169,0.936,Ram,3.7,-1.57079
0,78,70,13.8,0.0049,2.492,0.963,Ram,5.2469,1.43699
0,84,110.5,13.2,0.00395,11.161,3.041,Ram,0.7,-1.57079
0,84,76.4,16,0.00705,1.666,0.496,Ram,5.60803,1.18698
0,78,85.5,20.1,0.00798,1.695,0.441,Ram,5.68507,0.88507
1,75,74.9,17.6,0.00819,1.171,0.372,Ram,6.95701,1.24905
1,80,64,15.7,0.00772,1.384,0.53,Ram,6.21289,0.99172
0,89,70,13.6,0.0114,1.345,0.466,Ram,4.83011,0.47291
0,95,86.5,16.5,0.00992,1.43,0.393,Ram,5.80086,0.94453
0,98,132.2,23.5,0.0136,2.425,0.404,Ram,3.18277,-0.76318
0,127,167.1,28.9,0.01261,2.404,0.308,Ram,3.89487,0.50959
0,134,147.6,30.6,0.01762,2.022,0.271,Ram,4.20119,-0.90349
1,77,86.6,24,0.01159,1.165,0.276,Ram,4.11096,-0.07304
1,53,84.3,17.6,0.01227,3.009,0.88,Ram,4.90918,-1.50965
0,91,75.2,16.1,0.01001,1.175,0.375,Ram,4.3382,-0.45334
0,88,112.5,16.7,0.01176,2.394,0.49,Ram,1.7,-1.08084
0,99,148.6,19.6,0.00693,3.622,0.564,Ram,1.56525,0.46365
0,120,126.3,24.4,0.00944,1.692,0.28,Ram,3.41321,1.48279
0,93,133.7,21.1,0.00966,1.376,0.217,Ram,3.52278,0.11379
1,70,86.3,20.1,0.00618,0.877,0.233,Ram,7.40608,-0.04052
1,64,79.4,16.7,0.00575,1.098,0.338,Ram,4.82597,-0.10379
0,46,102.3,16.4,0.01022,3.519,0.822,Ram,2.40416,-1.27536
0,93,95.6,19.5,0.00422,15.09,4.514,Ram,5.09902,0.7299
0,104,104.8,20.1,0.0054,7.237,1.828,Ram,5.46443,0.96757
0,141,104.7,20.5,0.0062,8.504,2.203,Ram,4.1,1.34948
1,97,58.6,18.5,0.00417,3.434,1.656,Ram,4.5618,1.11695
1,100,100.2,19,0.00571,13.069,3.774,Ram,0.64031,-0.67474
0,90,84.4,19.8,0.00402,2.499,0.82,Ram,2.19545,-1.046
0,70,110.9,15.2,0.00891,2.279,0.491,Ram,3.82099,0.82242
0,83,107.3,22.9,0.00817,1.47,0.297,Ram,2.66833,0.2268
0,67,132.6,26.1,0.01227,3.502,0.58,Ram,2.90689,-1.50194
1,95,124.7,28.2,0.01069,8.126,1.522,Ram,5.89406,0.25732
1,142,129.2,29.7,0.00731,8.973,1.717,Ram,3.74833,0.16076
0,134,185.3,31.1,0.01001,3.328,0.377,Ram,3.46699,-0.99079
0,145,118.2,26,0.00666,3.43,0.671,Ram,4.95782,-0.84248
0,201,209.3,28.7,0.00849,6.605,0.74,Ram,1.52643,1.01914
0,143,165.2,27.8,0.01791,2.766,0.362,Ram,3.34215,0.89138
1,118,147.4,25,0.01172,1.916,0.285,Ram,4.41022,-0.99537
1,115,181.7,27.2,0.01342,14.364,1.833,Ram,4.38634,0.81765
0,146,178.1,30.8,0.0121,4.955,0.612,Ram,4.30465,0.04648
0,82,110.1,30.7,0.01563,4.203,0.796,Ram,3.48281,0.88709
0,95,119.2,23.3,0.01142,1.411,0.23,Ram,4.56508,0.50284
0,69,81.8,21.2,0.01054,1.085,0.307,Ram,6.43817,0.81835
0,65,91.9,18.8,0.01035,1.853,0.436,Ram,5.60357,0.0357
1,88,125.4,26,0.00874,1.631,0.275,Ram,3.13847,0.53496
1,90,121.9,28.6,0.00919,1.14,0.194,Ram,4.70425,1.52827
0,78,66.5,16.9,0.00811,1.142,0.418,Ram,7.72334,0.07776
0,60,75.1,18.8,0.00948,1.309,0.39,Ram,4.62709,-0.10827
0,65,74.2,18.3,0.00764,1.105,0.352,Ram,8.06226,-0.40815
0,74,100.6,18.6,0.00749,1.802,0.431,Ram,5.1225,-0.89606
1,102,133.7,19.3,0.00919,3.629,0.593,Ram,4.78539,1.11649
1,125,130.3,24.4,0.00966,2.541,0.435,Ram,5.86941,1.32995
0,134,124.3,26.1,0.00987,2.791,0.493,Ram,6.23618,1.2947
0,129,141.2,26.6,0.00897,3.686,0.575,Ram,4.97695,1.1791
0,171,144.1,26.6,0.01003,2.206,0.328,Ram,4.60109,-1.54906
1,191,200.4,27.8,0.00856,3.482,0.367,Ram,0.3,-1.57079
0,158,185,30.5,0.01197,2.225,0.229,Ram,4.29535,-1.13839
1,104,128.3,29.6,0.00776,2.831,0.472,Ram,3.10644,-0.99172
1,167,168.4,29,0.00648,12.671,1.801,Ram,2.6,0.39479
0,103,110.5,19.1,0.01017,1.5,0.308,Ram,5.10882,0.05876
0,75,82.6,19.6,0.0105,1.713,0.454,Ram,6.66108,-0.13553
0,48,93.8,22.3,0.01061,1.635,0.363,Ram,7.47061,-0.4876
0,81,90,24.2,0.00567,1.132,0.282,Ram,6.38905,-0.69674
0,112,134.9,24.5,0.00798,1.956,0.318,Ram,2.74591,-0.5779
1,83,151.1,22,0.00788,1.98,0.29,Ram,1.87883,-0.43984
1,55,103.1,17.8,0.0121,1.977,0.404,Ram,6.00333,1.53748
0,70,86.7,22.2,0.01068,1.225,0.303,Ram,7.9555,0.25412
0,60,160.7,20.1,0.01211,7.132,0.913,Ram,0.76158,-1.1659
0,94,209.9,26.7,0.01332,9.992,0.996,Ram,1.41421,0.1419
0,97,93.3,24.1,0.01385,2.973,0.591,Ram,1.74642,1.15839
0,79,84,19.1,0.01215,2.437,0.59,Ram,5.34883,0.36315
1,87,76.1,18.2,0.00949,0.965,0.276,Ram,4.96488,0.16184
1,63,75.3,18.5,0.01014,1.528,0.428,Ram,4.10122,0.02439
0,66,108.4,18.1,0.01048,3.766,0.839,Ram,2.19545,-1.046
0,114,105.1,21.2,0.01056,2.981,0.645,Ram,4.92443,-1.15257
0,68,85.5,23.1,0.00969,1.33,0.322,Ram,6.04649,-0.59718
0,88,77.7,21.1,0.00651,1.4,0.384,Ram,3.80132,-0.9536
0,38,75.3,22.5,0.00926,1.231,0.329,Ram,6.50308,0.03076
1,84,74.5,20.2,0.00654,2.609,0.795,Ram,4.89183,-0.71306
1,94,70.2,20.5,0.00549,1.411,0.452,Ram,4.31856,1.47804
0,80,66,20.4,0.00611,1.549,0.534,Ram,4.50444,1.52638
0,92,109.8,22.3,0.00627,10.21,2.223,Ram,2.86531,1.06031
0,83,121.9,25.1,0.00788,1.367,0.214,Ram,3.06105,-0.66964
0,73,63.3,23.9,0.00699,0.919,0.286,Ram,6.0803,-0.63363
1,77,73,23.5,0.00612,1.195,0.29,Ram,4.30116,0.02325
1,66,63.6,18.3,0.00786,1.191,0.4,Ram,8.96939,-0.53851
0,127,131.3,26.3,0.00685,4.663,0.755,Ram,5.0636,0.15866
0,92,110.1,17.2,0.01118,1.772,0.352,Ram,6.48845,-0.42918
1,55,107.8,18.2,0.00875,4.155,0.889,Ram,4.998,-1.22373
1,73,62.1,17.4,0.01087,7.597,2.672,Ram,5.19711,-1.04688
0,81,100.2,22.2,0.00902,1.545,0.285,Ram,9.32952,-0.54042
0,79,81.4,20.1,0.00659,5.142,1.489,Ram,4.68722,-0.98279
0,97,114.7,20.9,0.00583,1.614,0.257,Ram,5.64004,0.64705
0,84,83.9,19.9,0.00813,1.616,0.391,Ram,7.71298,0.23554
0,71,86.5,19.5,0.00578,1.463,0.307,Ram,4.33244,0.32905
1,91,112.2,21.7,0.00552,1.834,0.311,Ram,0.53852,0.38051
1,110,140.7,23.9,0.00608,11.722,1.807,Ram,1.65529,1.13417
0,119,169,26.4,0.00699,21.26,2.659,Ram,1.6401,0.6557
0,167,162.7,29.2,0.00722,6.809,0.811,Ram,3.8,0
0,131,168.6,31.2,0.00907,2.883,0.3,Ram,4.6043,1.52735
0,93,134.1,25.2,0.00863,2.182,0.23,Ram,1.1662,0.54042
0,115,119.2,25.3,0.00869,18.084,2.969,Ram,3.8588,0.54486
1,128,122.4,28.3,0.00878,6.638,1.015,Ram,4.6011,0.02174
0,63,89.1,22.2,0.01315,21.335,2.977,Ram,1.5,0.9273
0,83,93.3,21,0.01155,5.685,0.964,Ram,1.8868,-0.5586
0,123,136.7,22.2,0.01254,10.535,1.32,Ram,0.6325,1.24905
0,114,115.8,26.5,0.0084,1.814,0.269,Ram,2.5495,-1.12469
0,83,92.9,25.5,0.0109,1.388,0.17,Ram,3.9408,-0.6232
1,68,79.3,18,0.0101,4.062,0.806,Ram,4.6065,0.47336
1,66,96.8,21.4,0.01014,3.339,0.502,Ram,6.2936,-1.26412
0,78,72.5,20.5,0.01263,14.676,3.825,Ram,6.3953,1.10016
0,96,86.2,23.1,0.00861,11.377,2.469,Ram,2.816,-1.28274
0,109,116,25.1,0.00649,1.8,0.254,Ram,4.6615,-0.39644
0,55,82.5,25.1,0.0092,1.934,0.381,Ram,4.826,0.10379
0,56,60.9,14.6,0.00777,8.655,2.876,Ram,5.3712,1.14879
1,74,59,13.6,0.00665,2.771,0.89,Ram,6.2201,1.49033
0,123,91.3,17.7,0.00583,8.499,1.773,Ram,2.4515,1.3654
0,96,91.2,20.5,0.0051,44.396,9.429,Ram,2.5495,0.8409
0,118,117.1,20.9,0.00441,13.233,1.91,Ram,2.4042,-0.29544
0,146,132.9,23.1,0.00593,4.057,0.434,Ram,5.14,0.9234
1,68,70.4,17.5,0.00776,3.339,0.863,Ram,4.111,0.32175
0,70,80.6,16.8,0.0082,5.832,1.326,Ram,3.8079,1.33219
0,61,80.5,20.9,0.00545,2.931,0.469,Ram,4.9649,0.32812
0,67,46.4,15.4,0.00706,3.905,1.145,Ram,4.272,0.35877
0,78,53.9,16,0.00685,6.591,1.944,Ram,5.1,-0.48996
1,87,110.9,17.3,0.00943,1.791,0.494,Pla,12.7914,-0.68573
1,108,127.3,15.3,0.00867,6.115,1.845,Pla,11.2379,-0.20612
0,91,119.2,12.8,0.0097,1.42,0.431,Pla,12.9066,-0.17916
0,98,114.5,14.3,0.00895,2.976,0.912,Pla,13.507,-0.47689
0,114,133.3,18.7,0.00906,3.48,0.927,Pla,11.8596,-0.42593
0,133,147.1,18.9,0.01171,8.173,1.896,Pla,7.7621,-0.2606
0,158,186.3,20.4,0.01033,3.747,0.597,Pla,4.669,0.7551
1,121,157.7,19.5,0.00965,0.617,0.116,Pla,4.6098,-1.50567
1,103,131.4,18.4,0.01156,0.798,0.188,Pla,4.5618,0.45384
0,126,131.7,18.7,0.01063,0.31,0.047,Pla,5.0774,1.01011
0,118,125.2,17.7,0.01349,0.902,0.171,Pla,11.2004,-0.65243
0,103,129.7,13.9,0.01379,0.408,0.083,Pla,4.4418,1.02652
0,78,133.7,10.4,0.01273,2.016,0.504,Pla,8.0505,-0.11203
0,104,104.8,13.2,0.00922,2.246,0.72,Pla,9.6747,0.12435
1,105,123.6,11.6,0.01462,1.395,0.323,Pla,3.8013,1.10715
0,80,100.4,19.8,0.00958,1.589,0.459,Pla,11.9854,-0.70863
0,125,127.4,18.7,0.01505,0.867,0.189,Pla,4.1231,0.68232
0,161,114.1,21.9,0.01365,1.197,0.299,Pla,6.7119,0.05963
0,130,121.3,21.3,0.01277,0.626,0.138,Pla,4.0311,0.80294
1,119,117.5,21.1,0.01109,0.681,0.15,Pla,4.5277,0.53284
1,129,131.3,22.1,0.00959,0.838,0.192,Pla,4.0162,0.32962
0,168,147.1,22.6,0.01256,0.356,0.062,Pla,2,0.9273
0,237,140,24,0.01047,1.029,0.203,Pla,3.8471,0.4869
0,146,160.2,24.5,0.01228,0.691,0.117,Pla,3.5114,1.22203
0,150,154.8,23.8,0.00937,0.65,0.121,Pla,3.3615,0.39708
0,119,132.4,23.4,0.00742,0.855,0.187,Pla,4.6325,0.57004
1,227,148.7,26.3,0.0151,1.085,0.182,Pla,6.0745,0.35299
1,172,143.8,25.1,0.01611,0.551,0.092,Pla,3.9825,1.07345
0,219,243,25.7,0.0126,6.201,0.719,Pla,6.8066,0.17723
0,142,152.1,25.8,0.00899,2.342,0.397,Pla,12.3847,-0.67096
0,157,236.9,24,0.0149,2.543,0.277,Pla,5.2479,1.03038
0,136,127.5,21.2,0.01367,0.451,0.058,Pla,5.1225,0.89606
0,113,117.4,21,0.009,0.697,0.158,Pla,18.4114,-0.83919
1,151,134.9,22.2,0.00747,5.036,1.12,Pla,8.3355,-0.52807
1,147,151,19.5,0.01163,2.727,0.589,Pla,5.9942,0.48603
0,128,129.3,18.9,0.01332,0.655,0.133,Pla,4.3105,1.50114
0,111,165,21.8,0.01273,6.699,1.376,Pla,8.2079,-0.38729
0,111,127.6,17.3,0.01857,0.523,0.098,Pla,6.8264,0.55549
0,100,106,20.8,0.00731,1.174,0.296,Pla,15.2201,-0.64087
0,133,108.9,19.6,0.01015,1.586,0.402,Pla,5.8052,0.83414
1,99,108.6,19.8,0.01269,4.202,1.133,Pla,9.9464,-0.22303
1,132,165.7,21.6,0.01227,1.808,0.317,Pla,4.9244,1.06173
0,128,129.8,22.6,0.01113,1.449,0.292,Pla,6.5,-1.17601
0,142,117.7,22.1,0.01245,0.627,0.149,Pla,5.3009,-1.55193
0,127,192.9,21.7,0.01641,5.103,0.767,Pla,7.3553,-0.12267
0,127,141.6,24.4,0.01125,5.597,1.148,Pla,8.86,-0.28605
0,169,157.8,25.3,0.01137,5.442,1.003,Pla,9.3536,-0.10712
1,102,92.3,20.9,0.01127,1.247,0.357,Pla,11.4739,-0.52996
0,124,197.7,16.3,0.01798,3.349,0.467,Pla,7.5584,-0.45181
0,106,153.6,20.6,0.01508,1.04,0.188,Pla,14.1485,-0.81539
0,134,128.7,24.3,0.01084,1.415,0.276,Pla,14.4402,-0.63796
0,151,166,22.3,0.01164,2.072,0.403,Pla,7.7885,0.27301
1,158,143.6,23.4,0.01166,0.732,0.114,Pla,6.8659,0.22025
1,126,168.9,22.8,0.01526,0.754,0.102,Pla,3.4986,1.03038
0,130,200.6,27.2,0.00931,7.455,1,Pla,7.8549,-0.54915
0,170,209,24.1,0.01575,5.133,0.689,Pla,5.2773,0.17138
0,83,84.8,23.1,0.0119,0.439,0.118,Pla,19.891,-0.83163
0,112,118.5,21.8,0.01016,0.756,0.161,Pla,16.9729,-0.76873
0,140,159.4,20.7,0.01715,0.98,0.163,Pla,4.9406,0.94349
1,121,100.4,21.6,0.01474,0.446,0.11,Pla,5.7567,1.27102
1,125,145.3,21.6,0.01571,1.267,0.228,Pla,4.3139,0.76901
0,182,190.4,19.6,0.02153,1.58,0.177,Pla,5.0567,0.42826
0,112,150.3,20.9,0.01644,4.819,0.918,Pla,7.5664,-0.13255
0,153,119.7,24.1,0.01074,1.375,0.293,Pla,6.0374,0.46365
1,150,109.1,25.4,0.01358,0.258,0.08,Pla,5.3852,1.02401
1,174,127.8,25.8,0.014,1.178,0.229,Pla,5.5154,0.39061
0,172,126.5,27.6,0.01133,0.955,0.185,Pla,5.5543,0.40726
0,166,157.2,27.5,0.01431,0.745,0.112,Pla,4.9244,1.06173
0,183,141.5,27.8,0.01136,1.182,0.206,Pla,7.3335,0.0956
0,157,146.6,27.5,0.01796,1.562,0.262,Pla,4.8877,0.53691
0,198,137.5,27,0.01589,0.667,0.118,Pla,4.7802,0.91893
1,184,121.4,27.3,0.01609,0.941,0.186,Pla,5.4424,0.35662
1,162,122.4,26.9,0.01288,0.467,0.088,Pla,6.8622,0.32636
0,164,168.4,27.6,0.01679,0.922,0.132,Pla,7.5505,0.19999
0,162,174.3,28.7,0.01697,1.147,0.159,Pla,5.9169,0.53172
0,175,161,27.6,0.01875,0.858,0.126,Pla,6.908,0.38588
0,228,166,27.3,0.01824,0.85,0.146,Pla,6.7067,0.04475
1,202,181.2,27,0.01685,2.572,0.357,Pla,6.2817,0.24112
1,146,135.1,24.8,0.01507,0.476,0.084,Pla,6.1008,1.5544
1,95,129,23.4,0.02076,0.319,0.052,Pla,5.9008,1.55385
0,115,112.5,24.1,0.01443,1.897,0.408,Pla,5.9808,0.35877
0,141,144.7,26.4,0.01739,3.525,0.611,Pla,10.1833,-0.12801
1,166,173.5,18.2,0.00655,0.328,0.001,Pla,5.7706,-1.0839
0,128,165,18.8,0.00526,1.58,0.242,Pla,7.4095,-1.01649
0,103,123.5,17.1,0.004,3.081,0.697,Pla,12.2037,-0.58118
1,106,151.3,14.7,0.00542,0.939,0.178,Pla,15.5878,-0.72185
0,114,144.5,15.9,0.00369,7.099,1.498,Pla,10.3788,-0.43779
0,113,166,14.4,0.0069,21.348,3.796,Pla,1.9647,0.25732
0,114,169.9,18.2,0.00423,6.401,1.093,Pla,5.5009,-0.01818
0,128,162.4,16.3,0.00602,1.465,0.247,Pla,11.8309,-0.39934
1,103,158.4,13.8,0.01039,4.17,0.796,Pla,7.7698,-0.55587
1,119,139.4,15,0.00607,2.189,0.487,Pla,7.642,0.10488
0,108,131.8,11.5,0.00856,0.959,0.199,Pla,3.8079,0.5224
0,101,143.8,12.4,0.00886,1.007,0.189,Pla,7.1694,-0.52607
0,96,131.9,11.8,0.00582,1.105,0.25,Pla,17.6867,-0.75341
0,134,178.4,18.5,0.00496,6.697,1.163,Pla,7.4108,-0.054
0,142,160.6,17.1,0.0062,0.608,0.101,Pla,5.9464,0.73782
1,125,148.5,17.2,0.00527,0.4,0.065,Pla,6.1074,1.52166
1,125,164.4,17,0.00597,1.821,0.326,Pla,7.7006,-0.65649
0,103,128.5,16.4,0.00548,0.947,0.204,Pla,16.8241,-0.69702
0,132,172.6,20.1,0.00784,6.421,1.162,Pla,7.3498,-0.26148
0,140,197.8,20.8,0.0107,1.733,0.24,Pla,4.9769,-1.1791
0,148,196,21.6,0.01077,1.912,0.249,Pla,3.8013,1.54449
0,174,175.6,21.7,0.00927,1.268,0.188,Pla,4.9031,-1.3654
1,183,186.2,20.8,0.00915,1.532,0.228,Pla,5.0695,0.25933
1,134,177.8,21.9,0.01017,1.152,0.176,Pla,4.0361,0.83798
0,109,157.3,23.9,0.01549,1.672,0.228,Pla,12.4403,-0.63707
0,135,178,21.2,0.01085,2.109,0.333,Pla,5.3226,-1.12395
0,150,200.1,18.9,0.01176,0.999,0.119,Pla,2.4,0
0,152,184.6,18.2,0.01271,0.784,0.098,Pla,2.9833,0.88035
0,146,211.4,21.8,0.01076,1.574,0.189,Pla,3.8601,-0.63832
1,125,183.7,22.4,0.00451,3.402,0.542,Pla,10.7005,-0.65285
1,106,127,21.7,0.00384,1.233,0.27,Pla,14.7922,-0.74236
0,73,126.1,21.5,0.00563,0.868,0.19,Pla,16.4268,-0.83708
0,112,134.8,14.6,0.00697,1.123,0.261,Pla,5.5866,0.77274
0,141,198.4,15.8,0.00667,2.633,0.408,Pla,7.0178,0.57219
0,130,143.2,14.5,0.00615,1.114,0.243,Pla,6.6483,0.36933
1,101,158.8,15.2,0.00808,0.716,0.137,Pla,6.5765,0.79615
1,110,159.2,16.2,0.00693,0.357,0.062,Pla,6.8154,-1.3187
0,117,160.3,18.6,0.00866,1.532,0.257,Pla,8.3487,-0.81928
0,123,202,21.7,0.00779,3.989,0.557,Pla,8.5913,-0.69474
0,142,179.4,22.8,0.00847,2.518,0.384,Pla,7.0456,0.60375
0,164,252.1,23,0.0098,2.234,0.231,Pla,4.9649,0.48166
1,155,195.9,23.6,0.0098,1.723,0.227,Pla,4.5222,0.31476
0,129,197.4,24,0.01267,0.54,0.063,Pla,1.0817,-0.98279
0,125,195.7,24.1,0.01168,1.213,0.161,Pla,3.4409,0.95055
0,133,197.4,23.2,0.0139,1.179,0.133,Pla,2.4042,-1.27536
0,116,180.8,23.3,0.01097,1.227,0.184,Pla,3.6797,0.74696
0,105,167.7,22.8,0.01103,0.414,0.059,Pla,5.728,1.2877
1,112,164.1,23.3,0.00947,0.419,0.064,Pla,5.1865,0.97745
1,104,172.8,25,0.00876,0.628,0.089,Pla,4.7707,0.99442
0,114,146.7,25.9,0.00813,0.672,0.133,Pla,5.794,0.37089
0,165,145.4,26,0.00867,0.561,0.096,Pla,6.0959,0.71574
0,76,156.5,22.6,0.01206,1.458,0.248,Pla,5.3852,0.54679
0,125,117.3,21.6,0.00953,1.468,0.322,Pla,11.8714,-0.10973
0,95,98.2,21.1,0.00506,0.709,0.187,Pla,19.3349,-0.88798
1,137,126.6,22.8,0.00623,0.992,0.198,Pla,5.5902,0.74744
1,105,191.3,23.7,0.01076,2.188,0.287,Pla,3.9962,1.0175
0,78,150.9,20.1,0.01262,1.139,0.177,Pla,4.3417,0.50486
0,66,116.2,20.9,0.00968,1.526,0.329,Pla,12.054,-0.24297
0,92,153.1,21.4,0.00648,3.069,0.563,Pla,12.1314,-0.5079
1,114,166.7,19.6,0.00675,2.444,0.404,Pla,12.0304,-0.45621
1,65,170.5,20.6,0.00826,1.573,0.229,Pla,4.9769,-0.3917
0,141,193.8,23.6,0.00802,1.913,0.259,Pla,3.9205,0.65881
0,169,205.4,22.4,0.00774,2.084,0.271,Pla,6.9721,0.14393
0,143,189.7,21,0.01334,0.634,0.078,Pla,3.1401,0.64987
1,132,182.9,21.9,0.00916,0.913,0.127,Pla,5.5973,0.72219
0,144,171.6,22.4,0.00886,0.43,0.064,Pla,5.728,0.77305
1,125,180.2,24.4,0.00991,0.536,0.072,Pla,5.6859,0.97304
1,142,284.7,28.5,0.00729,2.282,0.194,Pla,4.14,0.64833
0,104,206.4,20.6,0.01183,1.639,0.212,Pla,3.1953,0.35144
0,84,127.1,22.2,0.0085,2.057,0.401,Pla,14.0417,-0.65917
0,118,118.2,25.8,0.00383,1.772,0.367,Pla,16.2373,-0.7113
0,84,108.8,26.4,0.00615,0.778,0.174,Pla,17.0294,-0.86854
0,129,132.1,25.5,0.00352,1.425,0.276,Pla,14.9241,-0.76171
1,113,208.9,22.2,0.00731,5.804,0.812,Pla,9.0139,-0.0555
1,79,168.8,22.4,0.00954,0.427,0.056,Pla,5.3254,0.97238
0,102,161.3,22.7,0.01198,0.625,0.101,Pla,5.3235,1.47674
0,104,163.3,24.1,0.00927,0.28,0.084,Pla,4.3012,0.95055
0,117,162.9,25,0.00982,0.894,0.133,Pla,6.1847,-1.17227
0,117,165.3,25.7,0.00985,1.235,0.18,Pla,7.0328,-1.04989
0,110,179.1,25.3,0.01206,2.3,0.32,Pla,7.1694,-1.04473
1,114,160.5,24.9,0.0077,3.407,0.542,Pla,10.4652,-0.4551
1,111,137.1,22.2,0.00473,3.801,0.743,Pla,11.8119,-0.49394
0,103,180.7,24.6,0.00605,4.663,0.673,Pla,7.3348,0.19205
0,107,173.8,20.2,0.01053,1.557,0.195,Pla,5.0448,0.24017
0,105,142.3,22.7,0.00795,1.04,0.18,Pla,17.3234,-0.87532
0,106,138.4,22.8,0.00491,1.048,0.19,Pla,17.6011,-0.93866
0,128,122.7,25.8,0.00465,3.337,0.667,Pla,7.8,-0.39479
1,93,120,25.9,0.00508,0.691,0.145,Pla,16.7108,-0.89138
1,77,91.3,22.6,0.00646,0.627,0.163,Pla,19.1024,-0.91159
0,104,146,19.1,0.01101,1.152,0.207,Pla,6.456,1.28824
0,112,130.5,19.8,0.00735,0.598,0.117,Pla,6.5924,1.40315
0,121,200.2,18.3,0.01275,1.159,0.154,Pla,4.1183,-0.5071
0,105,123,24.7,0.00461,0.928,0.187,Pla,13.1522,-0.7854
1,96,106.2,23.9,0.00573,1.745,0.395,Pla,12.567,-0.47076
1,94,107.1,22.8,0.00705,1.837,0.414,Pla,11.5447,-0.24498
0,98,139.9,21.6,0.00551,0.754,0.131,Pla,5.7079,-1.51821
0,111,152.3,21.9,0.01036,4.564,0.744,Pla,7.506,-0.03998
1,73,123.5,18.6,0.00624,4.207,0.937,Pla,8,0
1,78,159.1,16.1,0.0084,2.913,0.442,Pla,6.382,-0.61843
0,83,145.3,19.5,0.00881,0.911,0.151,Pla,17.3658,-0.85467
0,73,119.2,21.8,0.00455,0.663,0.139,Pla,16.1276,-0.75909
0,115,174.6,20.3,0.00928,3.168,0.441,Pla,5.5362,0.35031
0,100,119.8,19.4,0.00676,0.657,0.13,Pla,6.5,0.39479
0,89,149.4,22.6,0.00801,5.316,0.801,Pla,7.931,-0.40158
1,70,148,18.8,0.00914,4.143,0.529,Pla,3.0017,0.03332
1,104,123,18.1,0.01358,0.71,0.131,Pla,2.4739,-0.24498
0,122,208.4,21.2,0.01111,3.13,0.344,Pla,3.0265,0.13255
0,119,208.3,22.6,0.01095,2.673,0.284,Pla,3.4785,1.24905
0,110,159.9,22.9,0.00687,1.978,0.298,Pla,4.5277,0.53284
0,94,131.2,20.8,0.00989,0.558,0.093,Pla,5.3759,0.75909
0,104,195.2,23.7,0.00965,1.6,0.184,Pla,3.759,0.49935
1,100,175.6,23.7,0.00949,1.447,0.18,Pla,4.9031,0.2054
1,90,140.5,22.3,0.00821,0.415,0.062,Pla,4.982,0.89919
0,89,162.6,19.2,0.00955,1.674,0.203,Pla,16.6652,-0.32365
0,77,103.7,17.1,0.0126,0.73,0.153,Pla,16.676,-0.28571
0,68,106.7,16.6,0.01243,0.915,0.165,Pla,17.2308,-0.42471
0,65,123,16.3,0.01161,0.756,0.16,Pla,3.7947,0.32175
1,77,130.3,17.3,0.01306,0.814,0.124,Pla,5.7706,-1.41419
0,74,124.1,17.8,0.00763,6.437,1.321,Pla,7.1063,-0.68573
0,80,134.5,16.3,0.01075,1.477,0.239,Pla,3.6056,1.2315
0,93,177.3,20.4,0.00928,5.375,0.684,Pla,5.9908,-0.58337
0,116,233.6,22.1,0.01048,4.843,0.431,Pla,4.8052,-0.20964
0,60,162.5,15.8,0.00789,3.166,0.411,Pla,2.7203,-0.6288
0,74,198.4,16.2,0.00811,8.349,0.942,Pla,4.0311,0.12435
0,121,191.7,16.4,0.00722,2.101,0.199,Pla,3.8,0
1,93,221.2,16.7,0.00919,2.29,0.202,Pla,2.3022,0.04345
